2	2	84	6	1998	368
3	2	140	32	2014	1000
1	1	56	12	2004	265
2	1	86	6	2006	770
1	1	30	6	2000	210
2	1	78	18	1992	520
2	1	67	6	1992	480
2	1	75	6	1997	335
3	2	70	6	2005	330
3	2	117	14	2005	430
3	2	139	11	2001	550
2	2	99	6	2004	390
3	2	103	6	2004	410
2	2	82	6	1999	275
3	2	102	6	1999	340
3	2	113	17	2010	520
2	2	96	6	2004	378
3	2	126	6	2001	501
3	2	116	11	2004	460
2	2	82	6	1999	275
2	2	89	6	2002	320
3	2	118	11	2007	400
2	2	93	7	2002	335
3	2	125	6	2002	450
4	3	226	3	2002	730
3	2	133	11	2001	528
2	2	82	6	1999	275
2	2	101	11	2007	345
2	2	82	6	2004	325
2	2	81	15	2013	550